,topic,Q0,docId,rank,score,score_descr,score_similarity
0,101,Q0,en.noclean.c4-train.00826-of-07168.103991,1,27.66659927368164,-0.025812529027462,0.5130369812250137
1,101,Q0,en.noclean.c4-train.05153-of-07168.71380,2,27.86529922485352,-0.0259806159883737,0.5201974759499232
2,101,Q0,en.noclean.c4-train.03110-of-07168.140073,3,27.52569961547852,-0.0260053556412458,0.3777641554673513
3,101,Q0,en.noclean.c4-train.04383-of-07168.95002,4,28.190900802612305,-0.0293513517826795,0.4258233457803726
4,101,Q0,en.noclean.c4-train.01790-of-07168.111015,5,27.36039924621582,-0.0329595915973186,0.5866009046634039
5,101,Q0,en.noclean.c4-train.04871-of-07168.129759,6,28.28580093383789,-0.0353030636906623,0.4305164019266765
6,101,Q0,en.noclean.c4-train.06612-of-07168.123234,7,26.77239990234375,-0.0735726729035377,0.4722270170847575
7,101,Q0,en.noclean.c4-train.04757-of-07168.46912,8,26.72690010070801,-0.0888877585530281,0.4665976663430532
8,101,Q0,en.noclean.c4-train.05798-of-07168.122738,9,26.62400054931641,-0.0888880863785743,0.4665976663430532
9,101,Q0,en.noclean.c4-train.01560-of-07168.101526,10,27.3351993560791,-0.0909163728356361,0.3128872538606326
1000,102,Q0,en.noclean.c4-train.02181-of-07168.71052,1,21.23660087585449,-0.0041064233519136,0.3584751474360625
1001,102,Q0,en.noclean.c4-train.00962-of-07168.115130,2,24.91760063171387,-0.0048639308661222,0.602528989315033
1002,102,Q0,en.noclean.c4-train.06367-of-07168.64044,3,18.969900131225586,-0.0070101497694849,0.3324416478474935
1003,102,Q0,en.noclean.c4-train.04272-of-07168.119320,4,18.803600311279297,-0.0093118166550993,0.5521248479684194
1004,102,Q0,en.noclean.c4-train.05470-of-07168.42507,5,19.68409919738769,-0.0105167003348469,0.4156264712413152
1005,102,Q0,en.noclean.c4-train.04054-of-07168.17837,6,20.828800201416016,-0.0123128294944763,0.3592839216192563
1006,102,Q0,en.noclean.c4-train.00960-of-07168.97443,7,20.96249961853028,-0.0133694354444742,0.5323688785235087
1007,102,Q0,en.noclean.c4-train.03875-of-07168.82253,8,21.50480079650879,-0.0134620023891329,0.5123240898052851
1008,102,Q0,en.noclean.c4-train.06310-of-07168.68525,9,24.038799285888672,-0.0138039691373705,0.3305275316039721
1009,102,Q0,en.noclean.c4-train.04575-of-07168.97694,10,20.277999877929688,-0.0167596656829118,0.40526986743013066
2000,103,Q0,en.noclean.c4-train.06165-of-07168.10154,1,25.637699127197266,-0.0097016030922532,0.4828358869999647
2001,103,Q0,en.noclean.c4-train.03691-of-07168.86238,2,24.84819984436035,-0.013195333071053002,0.4236821681261063
2002,103,Q0,en.noclean.c4-train.00143-of-07168.80193,3,23.51860046386719,-0.0137198995798826,0.4656423504153888
2003,103,Q0,en.noclean.c4-train.05740-of-07168.146247,4,23.54700088500977,-0.0173537191003561,0.4895750234524409
2004,103,Q0,en.noclean.c4-train.02722-of-07168.92715,5,24.08029937744141,-0.0181341581046581,0.4817570298910141
2005,103,Q0,en.noclean.c4-train.00300-of-07168.104925,6,24.80150032043457,-0.0205221641808748,0.3829587446525693
2006,103,Q0,en.noclean.c4-train.02427-of-07168.59562,7,24.00740051269531,-0.0218884646892547,0.5199227680762609
2007,103,Q0,en.noclean.c4-train.04534-of-07168.120101,8,23.77879905700684,-0.0256386045366525,0.42695285876591993
2008,103,Q0,en.noclean.c4-train.06087-of-07168.30596,9,23.78709983825684,-0.0288063157349824,0.4041091998418172
2009,103,Q0,en.noclean.c4-train.03371-of-07168.34856,10,24.71389961242676,-0.0306392908096313,0.4695986906687419
3000,104,Q0,en.noclean.c4-train.02321-of-07168.129059,1,20.213499069213867,-0.0111431190744042,0.4400586647291978
3001,104,Q0,en.noclean.c4-train.04101-of-07168.14192,2,20.08300018310547,-0.0135272769257426,0.2360201788445314
3002,104,Q0,en.noclean.c4-train.03001-of-07168.14973,3,20.0013427734375,-0.0151008032262325,0.3933388963341713
3003,104,Q0,en.noclean.c4-train.03581-of-07168.2828,4,20.001331329345703,-0.0151008032262325,0.3933388963341713
3004,104,Q0,en.noclean.c4-train.03547-of-07168.105773,5,20.001333236694336,-0.0151008032262325,0.3933388963341713
3005,104,Q0,en.noclean.c4-train.03531-of-07168.18470,6,20.001333236694336,-0.0151008032262325,0.3933388963341713
3006,104,Q0,en.noclean.c4-train.03409-of-07168.18684,7,20.00133514404297,-0.0151008032262325,0.3933388963341713
3007,104,Q0,en.noclean.c4-train.03271-of-07168.110395,8,20.00133514404297,-0.0151008032262325,0.3933388963341713
3008,104,Q0,en.noclean.c4-train.03250-of-07168.25042,9,20.0013370513916,-0.0151008032262325,0.3933388963341713
3009,104,Q0,en.noclean.c4-train.03224-of-07168.138372,10,20.0013370513916,-0.0151008032262325,0.3933388963341713
4000,105,Q0,en.noclean.c4-train.01412-of-07168.56186,1,10.347700119018556,-0.0020431850571185,0.4517809549967448
4001,105,Q0,en.noclean.c4-train.02649-of-07168.59704,2,10.065600395202637,-0.0034701151307672,0.4089128610988458
4002,105,Q0,en.noclean.c4-train.02200-of-07168.20478,3,10.177599906921387,-0.0034885283093899,0.3120715543627739
4003,105,Q0,en.noclean.c4-train.01655-of-07168.9160,4,10.102700233459473,-0.0035836778115481,0.4219099159042041
4004,105,Q0,en.noclean.c4-train.01987-of-07168.134602,5,10.275899887084961,-0.0036408107262104,0.4651654412349065
4005,105,Q0,en.noclean.c4-train.01427-of-07168.50759,6,10.00730037689209,-0.0041370526887476,0.4981142282485962
4006,105,Q0,en.noclean.c4-train.05637-of-07168.141583,7,9.890299797058104,-0.0041872691363096,0.26822808384895325
4007,105,Q0,en.noclean.c4-train.05919-of-07168.100735,8,10.056699752807617,-0.0046014850959181,0.4619187911351522
4008,105,Q0,en.noclean.c4-train.00143-of-07168.36035,9,9.913800239562988,-0.0047413776628673,0.32997647548715275
4009,105,Q0,en.noclean.c4-train.03657-of-07168.17843,10,10.75220012664795,-0.0055349194444715,0.40894014885028207
5000,106,Q0,en.noclean.c4-train.03547-of-07168.122696,1,28.85950088500977,-0.0035769073292613,0.4191217816745241
5001,106,Q0,en.noclean.c4-train.02697-of-07168.97713,2,27.34760093688965,-0.0041014370508491,0.4636015507082145
5002,106,Q0,en.noclean.c4-train.00075-of-07168.75884,3,27.75329971313477,-0.0049424613825976,0.4763245930274328
5003,106,Q0,en.noclean.c4-train.04107-of-07168.128465,4,27.655500411987305,-0.004996077157557,0.470643679300944
5004,106,Q0,en.noclean.c4-train.01442-of-07168.5953,5,28.495399475097656,-0.0052510672248899,0.5447466919819514
5005,106,Q0,en.noclean.c4-train.04093-of-07168.29436,6,23.962499618530284,-0.0060265492647886,0.3714852767686049
5006,106,Q0,en.noclean.c4-train.02532-of-07168.119299,7,24.76469993591309,-0.0061901747249066,0.6328347027301788
5007,106,Q0,en.noclean.c4-train.01177-of-07168.35132,8,27.17300033569336,-0.0065833115950226,0.3468177393078804
5008,106,Q0,en.noclean.c4-train.05897-of-07168.108078,9,27.73780059814453,-0.0072152754291892,0.5307719136277834
5009,106,Q0,en.noclean.c4-train.02107-of-07168.64806,10,24.70730018615723,-0.0076967347413301,0.4026375065247218
6000,107,Q0,en.noclean.c4-train.04429-of-07168.98829,1,12.963399887084961,-0.0023771857377141,0.6336131443579992
6001,107,Q0,en.noclean.c4-train.00898-of-07168.139360,2,13.69909954071045,-0.0024242794606834,0.6051183789968491
6002,107,Q0,en.noclean.c4-train.05627-of-07168.50927,3,13.599300384521484,-0.0025360586587339,0.5506726155678431
6003,107,Q0,en.noclean.c4-train.05508-of-07168.36210,4,12.82639980316162,-0.0025716111995279,0.5059738646571835
6004,107,Q0,en.noclean.c4-train.00697-of-07168.65261,5,14.456600189208984,-0.0026916961651295,0.514086107412974
6005,107,Q0,en.noclean.c4-train.04388-of-07168.110553,6,13.579299926757812,-0.0027381805703043,0.4953523675600688
6006,107,Q0,en.noclean.c4-train.03234-of-07168.31923,7,12.833100318908693,-0.0028698947280645,0.5750387708346049
6007,107,Q0,en.noclean.c4-train.03567-of-07168.21324,8,13.849300384521484,-0.0030143084004521,0.6356973747412363
6008,107,Q0,en.noclean.c4-train.05358-of-07168.95802,9,13.815299987792967,-0.0030362955294549,0.4884420285622279
6009,107,Q0,en.noclean.c4-train.01830-of-07168.26232,10,13.251500129699707,-0.0031471743714064,0.5587721019983292
7000,108,Q0,en.noclean.c4-train.03614-of-07168.56386,1,12.13889980316162,-0.006775973830372,0.4867116411526998
7001,108,Q0,en.noclean.c4-train.06290-of-07168.74532,2,10.3302001953125,-0.0127531196922063,0.3198803734655182
7002,108,Q0,en.noclean.c4-train.04026-of-07168.70842,3,10.37969970703125,-0.0194488912820816,0.5469687978426615
7003,108,Q0,en.noclean.c4-train.05352-of-07168.30198,4,11.383199691772461,-0.0276347622275352,0.3407090037750701
7004,108,Q0,en.noclean.c4-train.00227-of-07168.130016,5,11.376099586486815,-0.0316211655735969,0.3880034585793813
7005,108,Q0,en.noclean.c4-train.00971-of-07168.131688,6,10.540499687194824,-0.0316211655735969,0.3880034585793813
7006,108,Q0,en.noclean.c4-train.05777-of-07168.78156,7,11.323599815368652,-0.0366800129413604,0.3405434116721153
7007,108,Q0,en.noclean.c4-train.03362-of-07168.140095,8,10.428500175476074,-0.0369617454707622,0.39874757329622906
7008,108,Q0,en.noclean.c4-train.07138-of-07168.102691,9,11.3951997756958,-0.0409520678222179,0.3784798632065455
7009,108,Q0,en.noclean.c4-train.05727-of-07168.36620,10,10.865899085998537,-0.0426827482879161,0.4952934036652247
8000,109,Q0,en.noclean.c4-train.01580-of-07168.55019,1,15.208700180053713,-0.0070257754996418,0.31891775379578274
8001,109,Q0,en.noclean.c4-train.05188-of-07168.7044,2,14.949799537658693,-0.0074581047520041,0.25087643166383106
8002,109,Q0,en.noclean.c4-train.02442-of-07168.91361,3,15.035300254821776,-0.0083134546875953,0.19303633645176888
8003,109,Q0,en.noclean.c4-train.04762-of-07168.140663,4,14.668800354003904,-0.0089460983872413,0.27488189935684204
8004,109,Q0,en.noclean.c4-train.00565-of-07168.106839,5,14.748700141906738,-0.0110719120129942,0.2600132127602895
8005,109,Q0,en.noclean.c4-train.05793-of-07168.15930,6,15.265399932861328,-0.0115259466692805,0.3797262062629064
8006,109,Q0,en.noclean.c4-train.04585-of-07168.74457,7,15.265000343322756,-0.0115259466692805,0.3797262062629064
8007,109,Q0,en.noclean.c4-train.00529-of-07168.33801,8,15.31700038909912,-0.0123015251010656,0.3039375841617584
8008,109,Q0,en.noclean.c4-train.05534-of-07168.22744,9,15.301199913024902,-0.012956129387021002,0.32853013028701145
8009,109,Q0,en.noclean.c4-train.04086-of-07168.115478,10,15.06719970703125,-0.0130386156961321,0.29018067196011543
9000,110,Q0,en.noclean.c4-train.04524-of-07168.92922,1,25.837900161743164,-0.0111076338216662,0.4973695290585359
9001,110,Q0,en.noclean.c4-train.02497-of-07168.38187,2,25.66579627990723,-0.0111076338216662,0.4973695290585359
9002,110,Q0,en.noclean.c4-train.06995-of-07168.119704,3,25.665790557861328,-0.0111076338216662,0.4973695290585359
9003,110,Q0,en.noclean.c4-train.06605-of-07168.102558,4,25.66579246520996,-0.0111076338216662,0.4973695290585359
9004,110,Q0,en.noclean.c4-train.05349-of-07168.90649,5,25.66579246520996,-0.0111076338216662,0.4973695290585359
9005,110,Q0,en.noclean.c4-train.04390-of-07168.103519,6,25.665794372558604,-0.0111076338216662,0.4973695290585359
9006,110,Q0,en.noclean.c4-train.03101-of-07168.81803,7,25.665794372558604,-0.0111076338216662,0.4973695290585359
9007,110,Q0,en.noclean.c4-train.02822-of-07168.53030,8,25.66579627990723,-0.0111076338216662,0.4973695290585359
9008,110,Q0,en.noclean.c4-train.02298-of-07168.47410,9,25.66579818725586,-0.0111076338216662,0.4973695290585359
9009,110,Q0,en.noclean.c4-train.01433-of-07168.35999,10,25.66579818725586,-0.0111076338216662,0.4973695290585359
10000,111,Q0,en.noclean.c4-train.04211-of-07168.117576,1,16.16550064086914,-0.0076847868040204,0.5333809540607035
10001,111,Q0,en.noclean.c4-train.07083-of-07168.63601,2,16.13789939880371,-0.0076847868040204,0.5333809540607035
10002,111,Q0,en.noclean.c4-train.05896-of-07168.76370,3,15.772700309753418,-0.0140874022617936,0.4983518744508426
10003,111,Q0,en.noclean.c4-train.02195-of-07168.10536,4,15.317700386047365,-0.0156037155538797,0.43176011244455975
10004,111,Q0,en.noclean.c4-train.03858-of-07168.77268,5,15.330699920654295,-0.0222353730350732,0.3853856275478999
10005,111,Q0,en.noclean.c4-train.02080-of-07168.57402,6,15.161399841308596,-0.0353605970740318,0.3788885710140069
10006,111,Q0,en.noclean.c4-train.03550-of-07168.121156,7,15.282096862792967,-0.0380339547991752,0.4469661414623261
10007,111,Q0,en.noclean.c4-train.03468-of-07168.87123,8,15.282097816467285,-0.0380339547991752,0.4469661414623261
10008,111,Q0,en.noclean.c4-train.02569-of-07168.139157,9,15.282098770141602,-0.0380339547991752,0.4469661414623261
10009,111,Q0,en.noclean.c4-train.05604-of-07168.53737,10,15.223400115966795,-0.0428905077278614,0.48555688560009
11000,112,Q0,en.noclean.c4-train.03821-of-07168.41772,1,20.899099349975586,-0.0059768995270133,0.4012399613857269
11001,112,Q0,en.noclean.c4-train.02008-of-07168.52048,2,20.28689956665039,-0.0063670403324067,0.3944306522607803
11002,112,Q0,en.noclean.c4-train.00811-of-07168.147436,3,21.294300079345703,-0.0077529237605631,0.3526763791839282
11003,112,Q0,en.noclean.c4-train.04983-of-07168.11514,4,20.09760093688965,-0.0077908933162689,0.30498536427815753
11004,112,Q0,en.noclean.c4-train.04588-of-07168.912,5,19.9596004486084,-0.0089873317629098,0.35708984235922503
11005,112,Q0,en.noclean.c4-train.00354-of-07168.123245,6,20.60740089416504,-0.0093331933021545,0.2756135668605566
11006,112,Q0,en.noclean.c4-train.00515-of-07168.117445,7,20.8262996673584,-0.0099761690944433,0.3402757669488589
11007,112,Q0,en.noclean.c4-train.06542-of-07168.106883,8,20.123699188232425,-0.0149254761636257,0.4308053155740102
11008,112,Q0,en.noclean.c4-train.04920-of-07168.145879,9,19.81480026245117,-0.0170400366187095,0.37211059282223385
11009,112,Q0,en.noclean.c4-train.01909-of-07168.135301,10,20.082500457763672,-0.0170473027974367,0.2727515514319141
12000,113,Q0,en.noclean.c4-train.06278-of-07168.27443,1,23.364200592041016,-0.0154452621936798,0.6308940251668295
12001,113,Q0,en.noclean.c4-train.06381-of-07168.122978,2,23.98240089416504,-0.0290621388703584,0.4172526349623998
12002,113,Q0,en.noclean.c4-train.01462-of-07168.19088,3,24.30500030517578,-0.040812000632286,0.5251777221759161
12003,113,Q0,en.noclean.c4-train.03396-of-07168.114616,4,24.01609992980957,-0.0413743257522583,0.6318496366341909
12004,113,Q0,en.noclean.c4-train.06842-of-07168.115187,5,23.39389991760254,-0.0487140491604805,0.6826679507891337
12005,113,Q0,en.noclean.c4-train.03416-of-07168.75926,6,24.47719955444336,-0.0572023726999759,0.5419372369845709
12006,113,Q0,en.noclean.c4-train.06797-of-07168.41074,7,24.019100189208984,-0.0613330081105232,0.4439002126455307
12007,113,Q0,en.noclean.c4-train.06683-of-07168.119745,8,23.203500747680664,-0.0618804395198822,0.6643551439046861
12008,113,Q0,en.noclean.c4-train.06044-of-07168.131913,9,23.70870018005371,-0.0841814428567886,0.4816021919250488
12009,113,Q0,en.noclean.c4-train.06371-of-07168.11172,10,23.65080070495605,-0.0873640850186348,0.5164553920427958
13000,114,Q0,en.noclean.c4-train.00500-of-07168.92962,1,21.768699645996094,-0.0073499511927366,0.5109630624453226
13001,114,Q0,en.noclean.c4-train.05537-of-07168.58307,2,21.386499404907227,-0.0074447342194616,0.6758182843526205
13002,114,Q0,en.noclean.c4-train.03496-of-07168.140082,3,21.86280059814453,-0.0087819779291749,0.41511118163665134
13003,114,Q0,en.noclean.c4-train.03891-of-07168.135968,4,22.262300491333008,-0.0121187577024102,0.4854850868384044
13004,114,Q0,en.noclean.c4-train.06074-of-07168.46776,5,21.75639915466309,-0.0131080355495214,0.4911532302697499
13005,114,Q0,en.noclean.c4-train.05430-of-07168.93448,6,21.905799865722656,-0.0153899742290377,0.44652549425760907
13006,114,Q0,en.noclean.c4-train.01659-of-07168.9933,7,21.662500381469727,-0.0162703543901443,0.4186629777153333
13007,114,Q0,en.noclean.c4-train.02951-of-07168.87261,8,21.536500930786133,-0.0186135489493608,0.3788167213400205
13008,114,Q0,en.noclean.c4-train.01122-of-07168.84214,9,21.505699157714844,-0.0287840776145458,0.4286765505870183
13009,114,Q0,en.noclean.c4-train.00279-of-07168.55783,10,21.52400016784668,-0.030348252505064,0.5121261129776636
14000,115,Q0,en.noclean.c4-train.01515-of-07168.83212,1,15.46679973602295,-0.004222288262099,0.5760822196801504
14001,115,Q0,en.noclean.c4-train.05919-of-07168.110179,2,15.421299934387207,-0.0047977329231798,0.5873033404350281
14002,115,Q0,en.noclean.c4-train.00794-of-07168.137020,3,15.277199745178224,-0.0052062412723898,0.6397969325383505
14003,115,Q0,en.noclean.c4-train.03542-of-07168.112272,4,15.73680019378662,-0.0053487764671444,0.5074860379099846
14004,115,Q0,en.noclean.c4-train.02320-of-07168.892,5,15.411100387573242,-0.0057846759445965,0.5455936789512634
14005,115,Q0,en.noclean.c4-train.00784-of-07168.47350,6,15.643199920654295,-0.0059034274891018,0.6701959470907847
14006,115,Q0,en.noclean.c4-train.04572-of-07168.88520,7,15.92870044708252,-0.0061406516470015,0.6694868852694829
14007,115,Q0,en.noclean.c4-train.04619-of-07168.119821,8,16.19339942932129,-0.0064169075340032,0.42490626126527786
14008,115,Q0,en.noclean.c4-train.03581-of-07168.92637,9,15.470000267028807,-0.0067273085005581,0.4945150787631671
14009,115,Q0,en.noclean.c4-train.00146-of-07168.5676,10,15.573699951171875,-0.0068137440830469,0.3531861367324988
15000,116,Q0,en.noclean.c4-train.03445-of-07168.75447,1,11.71399974822998,-0.007928685285151,0.6041217148303986
15001,116,Q0,en.noclean.c4-train.00782-of-07168.7583,2,11.53159999847412,-0.008171341381966998,0.6572570105393728
15002,116,Q0,en.noclean.c4-train.03634-of-07168.30006,3,11.540900230407715,-0.0085288323462009,0.6625345697005589
15003,116,Q0,en.noclean.c4-train.02648-of-07168.129429,4,11.55780029296875,-0.0094276703894138,0.6211819847424825
15004,116,Q0,en.noclean.c4-train.04062-of-07168.61532,5,11.576099395751953,-0.0095344185829162,0.6197612782319387
15005,116,Q0,en.noclean.c4-train.03043-of-07168.105651,6,11.484600067138672,-0.0110418479889631,0.6786285440127054
15006,116,Q0,en.noclean.c4-train.00961-of-07168.101702,7,11.508199691772461,-0.0116456681862473,0.6537185957034429
15007,116,Q0,en.noclean.c4-train.05012-of-07168.131421,8,11.689800262451172,-0.0117436973378062,0.6394276370604833
15008,116,Q0,en.noclean.c4-train.06658-of-07168.114262,9,11.689799308776855,-0.0117436973378062,0.6394276370604833
15009,116,Q0,en.noclean.c4-train.01810-of-07168.138971,10,11.603099822998047,-0.0122558372095227,0.5990945373972257
16000,117,Q0,en.noclean.c4-train.03687-of-07168.70013,1,17.30660057067871,-0.0225546564906835,0.3801886464158694
16001,117,Q0,en.noclean.c4-train.06425-of-07168.39428,2,17.392999649047848,-0.0312218070030212,0.22038172744214532
16002,117,Q0,en.noclean.c4-train.01989-of-07168.121876,3,17.708900451660156,-0.0456299446523189,0.3979279349247615
16003,117,Q0,en.noclean.c4-train.02196-of-07168.86222,4,17.363500595092773,-0.0510743968188762,0.4172705163558324
16004,117,Q0,en.noclean.c4-train.04011-of-07168.31501,5,17.453800201416016,-0.0512402132153511,0.362538542598486
16005,117,Q0,en.noclean.c4-train.01202-of-07168.105236,6,18.186599731445312,-0.0663054808974266,0.2995411194860935
16006,117,Q0,en.noclean.c4-train.03207-of-07168.147488,7,18.186595916748047,-0.0663054808974266,0.2995411194860935
16007,117,Q0,en.noclean.c4-train.02493-of-07168.9718,8,18.186595916748047,-0.0663054808974266,0.2995411194860935
16008,117,Q0,en.noclean.c4-train.02462-of-07168.131475,9,18.18659782409668,-0.0663054808974266,0.2995411194860935
16009,117,Q0,en.noclean.c4-train.01299-of-07168.130763,10,18.18659782409668,-0.0663054808974266,0.2995411194860935
17000,118,Q0,en.noclean.c4-train.05762-of-07168.68748,1,19.07200050354004,-0.0071497061289846,0.4872889618078868
17001,118,Q0,en.noclean.c4-train.00117-of-07168.116423,2,19.39579963684082,-0.0085761100053787,0.5848234494527181
17002,118,Q0,en.noclean.c4-train.00985-of-07168.112374,3,20.353599548339844,-0.0100377770140767,0.39717746153473854
17003,118,Q0,en.noclean.c4-train.05544-of-07168.4231,4,19.44930076599121,-0.0107778338715434,0.5434647599856058
17004,118,Q0,en.noclean.c4-train.03454-of-07168.119787,5,19.68980026245117,-0.0109682753682136,0.4300365447998047
17005,118,Q0,en.noclean.c4-train.06057-of-07168.99,6,20.00629997253418,-0.0112760877236723,0.3957858433326085
17006,118,Q0,en.noclean.c4-train.02517-of-07168.112784,7,19.87619972229004,-0.0119195831939578,0.3939405269920826
17007,118,Q0,en.noclean.c4-train.03911-of-07168.91940,8,19.84029960632324,-0.012478020042181,0.4470341602961223
17008,118,Q0,en.noclean.c4-train.04230-of-07168.93666,9,19.15760040283203,-0.0129773104563355,0.5252605626980463
17009,118,Q0,en.noclean.c4-train.01008-of-07168.141996,10,20.048099517822266,-0.0131512144580483,0.4236429805556933
18000,119,Q0,en.noclean.c4-train.01996-of-07168.29426,1,24.054500579833984,-0.0024375985376536,0.6262588153282801
18001,119,Q0,en.noclean.c4-train.01376-of-07168.147355,2,22.72170066833496,-0.0028104591183364,0.6775906036297479
18002,119,Q0,en.noclean.c4-train.04304-of-07168.135413,3,24.27169990539551,-0.0030206074006855,0.6455593556165695
18003,119,Q0,en.noclean.c4-train.05164-of-07168.130596,4,22.5403995513916,-0.0047015124000608,0.6988078057765961
18004,119,Q0,en.noclean.c4-train.01286-of-07168.26314,5,22.34670066833496,-0.0067527662031352,0.5245425129930178
18005,119,Q0,en.noclean.c4-train.01402-of-07168.130036,6,24.41760063171387,-0.0069600753486156,0.3791296500712633
18006,119,Q0,en.noclean.c4-train.01301-of-07168.83850,7,22.250900268554688,-0.0072446265257894,0.5411203702290853
18007,119,Q0,en.noclean.c4-train.04644-of-07168.78976,8,22.97780036926269,-0.0078889466822147,0.656804084777832
18008,119,Q0,en.noclean.c4-train.03438-of-07168.100384,9,22.41580009460449,-0.0090851485729217,0.7671868602434794
18009,119,Q0,en.noclean.c4-train.00173-of-07168.21178,10,22.46470069885254,-0.009672088548541,0.6471876800060272
19000,120,Q0,en.noclean.c4-train.02388-of-07168.98540,1,35.08240127563477,-0.0068882144987583,0.5550771802663803
19001,120,Q0,en.noclean.c4-train.05298-of-07168.31602,2,35.08240127563477,-0.0068882144987583,0.5550771802663803
19002,120,Q0,en.noclean.c4-train.06984-of-07168.4146,3,34.11909866333008,-0.0075621060095727,0.2629534279306729
19003,120,Q0,en.noclean.c4-train.04445-of-07168.100999,4,36.15560150146485,-0.0078805489465594,0.5207898219426473
19004,120,Q0,en.noclean.c4-train.04527-of-07168.7350,5,36.42380142211914,-0.0080161998048424,0.3902251645922661
19005,120,Q0,en.noclean.c4-train.06970-of-07168.53501,6,36.55960083007813,-0.0080871516838669,0.3888746500015259
19006,120,Q0,en.noclean.c4-train.05170-of-07168.98044,7,36.3921012878418,-0.0081288926303386,0.38633394489685696
19007,120,Q0,en.noclean.c4-train.00506-of-07168.82701,8,36.6693000793457,-0.0081453286111354,0.3856757606069247
19008,120,Q0,en.noclean.c4-train.05841-of-07168.27055,9,35.116500854492195,-0.0088226264342665,0.4811117698748906
19009,120,Q0,en.noclean.c4-train.01984-of-07168.1139,10,35.69580078125,-0.0096714980900287,0.46002301697929704
20000,121,Q0,en.noclean.c4-train.01058-of-07168.11900,1,16.88599967956543,-0.0034248526208102,0.5567808647950491
20001,121,Q0,en.noclean.c4-train.06335-of-07168.94737,2,18.297100067138672,-0.0045785829424858,0.5172561854124069
20002,121,Q0,en.noclean.c4-train.01768-of-07168.131401,3,16.469200134277347,-0.005487616173923001,0.5234460085630417
20003,121,Q0,en.noclean.c4-train.00470-of-07168.55826,4,18.50130081176757,-0.005700996145606,0.5559026350577673
20004,121,Q0,en.noclean.c4-train.01349-of-07168.72768,5,16.966299057006836,-0.0061643472872674,0.3421441422154506
20005,121,Q0,en.noclean.c4-train.06257-of-07168.142057,6,17.267499923706055,-0.0064509012736380005,0.509839653968811
20006,121,Q0,en.noclean.c4-train.06617-of-07168.43071,7,17.322399139404293,-0.0065476642921566,0.6158827741940817
20007,121,Q0,en.noclean.c4-train.04634-of-07168.109959,8,16.876100540161133,-0.0070424661971628,0.5609795798858007
20008,121,Q0,en.noclean.c4-train.03463-of-07168.16467,9,16.452499389648438,-0.0074084075167775,0.6682392110427221
20009,121,Q0,en.noclean.c4-train.02849-of-07168.105590,10,17.519599914550778,-0.007454555016011,0.4362855566044648
21000,122,Q0,en.noclean.c4-train.06212-of-07168.43819,1,20.907100677490234,-0.0460824482142925,0.38690991202990216
21001,122,Q0,en.noclean.c4-train.04259-of-07168.76161,2,20.039100646972656,-0.0809674188494682,0.3551488866408666
21002,122,Q0,en.noclean.c4-train.01600-of-07168.7410,3,20.364299774169922,-0.0983606576919555,0.3148233691851298
21003,122,Q0,en.noclean.c4-train.00204-of-07168.4011,4,22.94779968261719,-0.1080207750201225,0.2875537425279617
21004,122,Q0,en.noclean.c4-train.01196-of-07168.50670,5,21.66349983215332,-0.1643922924995422,0.2580597549676895
21005,122,Q0,en.noclean.c4-train.02495-of-07168.66797,6,19.95630073547364,-0.1930527538061142,0.3001228322585424
21006,122,Q0,en.noclean.c4-train.02859-of-07168.22259,7,20.4606990814209,-0.197827011346817,0.2885642933348815
21007,122,Q0,en.noclean.c4-train.05111-of-07168.61609,8,20.729799270629886,-0.2041798681020736,0.4123940120140712
21008,122,Q0,en.noclean.c4-train.01730-of-07168.92988,9,20.720500946044922,-0.2113236486911773,0.41307127972443897
21009,122,Q0,en.noclean.c4-train.05757-of-07168.63782,10,20.68160057067871,-0.2670371234416961,0.2634036938349406
22000,123,Q0,en.noclean.c4-train.00877-of-07168.92992,1,25.90959930419922,-0.0068806377239525,0.4125866765777271
22001,123,Q0,en.noclean.c4-train.01682-of-07168.110489,2,24.71380043029785,-0.0085193766281008,0.4558462854474783
22002,123,Q0,en.noclean.c4-train.04353-of-07168.31023,3,24.795900344848643,-0.0089775258675217,0.41024430592854816
22003,123,Q0,en.noclean.c4-train.06541-of-07168.17961,4,24.917200088500977,-0.0089775258675217,0.41024430592854816
22004,123,Q0,en.noclean.c4-train.04151-of-07168.83505,5,25.271499633789066,-0.0091925244778394,0.37170622994502384
22005,123,Q0,en.noclean.c4-train.01445-of-07168.143294,6,24.31990051269531,-0.0095673622563481,0.3938539996743202
22006,123,Q0,en.noclean.c4-train.04129-of-07168.127652,7,24.417299270629893,-0.0110282888635993,0.4683611591657002
22007,123,Q0,en.noclean.c4-train.06426-of-07168.1703,8,23.96809959411621,-0.011427778750658,0.31071895143638056
22008,123,Q0,en.noclean.c4-train.04395-of-07168.44549,9,25.041400909423828,-0.0116661703214049,0.4263805498679479
22009,123,Q0,en.noclean.c4-train.02942-of-07168.138395,10,24.824199676513672,-0.0120013309642672,0.3325025141239166
23000,124,Q0,en.noclean.c4-train.00155-of-07168.77917,1,22.759599685668945,-0.012539473362267002,0.471690056224664
23001,124,Q0,en.noclean.c4-train.01663-of-07168.15956,2,22.300600051879886,-0.013252860866487,0.5782388697067896
23002,124,Q0,en.noclean.c4-train.00131-of-07168.52692,3,22.59650039672852,-0.0146895051002502,0.4553679327170054
23003,124,Q0,en.noclean.c4-train.05681-of-07168.78234,4,22.42009925842285,-0.0177223477512598,0.6272168060143789
23004,124,Q0,en.noclean.c4-train.06912-of-07168.53700,5,22.90320014953613,-0.0185434576123952,0.5113334804773331
23005,124,Q0,en.noclean.c4-train.01811-of-07168.9220,6,22.681699752807607,-0.0195209085941314,0.4770073369145394
23006,124,Q0,en.noclean.c4-train.05703-of-07168.54877,7,22.909799575805664,-0.0197287425398826,0.5950983961423238
23007,124,Q0,en.noclean.c4-train.01289-of-07168.85061,8,23.03219985961914,-0.0211400128901004,0.42893962562084204
23008,124,Q0,en.noclean.c4-train.05362-of-07168.116675,9,22.32830047607422,-0.0225631650537252,0.3834503764907519
23009,124,Q0,en.noclean.c4-train.03831-of-07168.116779,10,22.949899673461925,-0.0248331874608993,0.5724870314200721
24000,125,Q0,en.noclean.c4-train.04086-of-07168.106225,1,15.374799728393555,-0.0053184214048087,0.3644245465596517
24001,125,Q0,en.noclean.c4-train.05857-of-07168.32511,2,16.533899307250973,-0.0071170381270349,0.2994410732450585
24002,125,Q0,en.noclean.c4-train.00550-of-07168.42429,3,16.16200065612793,-0.0073507796041667,0.34030892855177325
24003,125,Q0,en.noclean.c4-train.02363-of-07168.66248,4,16.333499908447266,-0.0075126504525542,0.3128728357454141
24004,125,Q0,en.noclean.c4-train.06757-of-07168.51763,5,16.278499603271484,-0.0076821846887469,0.2288787662982941
24005,125,Q0,en.noclean.c4-train.06505-of-07168.109379,6,15.49779987335205,-0.0103441067039966,0.27123619119326275
24006,125,Q0,en.noclean.c4-train.01685-of-07168.126944,7,15.8056001663208,-0.010758139193058,0.3699778219064077
24007,125,Q0,en.noclean.c4-train.05333-of-07168.70000,8,15.388999938964846,-0.0116512067615985,0.2751730248952905
24008,125,Q0,en.noclean.c4-train.07078-of-07168.62116,9,15.606200218200685,-0.0127776004374027,0.22750104373941815
24009,125,Q0,en.noclean.c4-train.00556-of-07168.1245,10,16.419200897216793,-0.0134576512500643,0.3538606390357017
25000,126,Q0,en.noclean.c4-train.05860-of-07168.39024,1,17.510900497436527,-0.0066929687745869,0.6492423837383589
25001,126,Q0,en.noclean.c4-train.05166-of-07168.1827,2,17.66010093688965,-0.0072434428147971,0.6484273498257002
25002,126,Q0,en.noclean.c4-train.04221-of-07168.76974,3,17.573999404907227,-0.0072557511739432,0.6472208847602209
25003,126,Q0,en.noclean.c4-train.03985-of-07168.138778,4,17.99340057373047,-0.0082802334800362,0.4910841882228851
25004,126,Q0,en.noclean.c4-train.02733-of-07168.40165,5,17.56719970703125,-0.0104289324954152,0.5531113917628924
25005,126,Q0,en.noclean.c4-train.02133-of-07168.104518,6,17.360599517822266,-0.0107515351846814,0.23002779840802154
25006,126,Q0,en.noclean.c4-train.03865-of-07168.140400,7,18.12179946899414,-0.0108504770323634,0.2914318162947893
25007,126,Q0,en.noclean.c4-train.05477-of-07168.72461,8,17.181900024414062,-0.0113596562296152,0.32721560386319953
25008,126,Q0,en.noclean.c4-train.05300-of-07168.28363,9,17.22599983215332,-0.0113596562296152,0.32721560386319953
25009,126,Q0,en.noclean.c4-train.02154-of-07168.132649,10,17.676300048828125,-0.0113596562296152,0.32721560386319953
26000,127,Q0,en.noclean.c4-train.00241-of-07168.16584,1,21.58679962158203,-0.0044647771865129,0.5258089055617651
26001,127,Q0,en.noclean.c4-train.02948-of-07168.49496,2,23.147300720214844,-0.0044911233708262,0.549528087178866
26002,127,Q0,en.noclean.c4-train.06642-of-07168.56423,3,23.34449958801269,-0.0052299587987363,0.4857258920868238
26003,127,Q0,en.noclean.c4-train.07100-of-07168.25164,4,23.49270057678223,-0.0061593712307512,0.5156273792187372
26004,127,Q0,en.noclean.c4-train.04110-of-07168.14178,5,21.62619972229004,-0.0084311971440911,0.4751787781715393
26005,127,Q0,en.noclean.c4-train.00954-of-07168.92455,6,21.644399642944336,-0.0099471341818571,0.3503720834851265
26006,127,Q0,en.noclean.c4-train.00118-of-07168.145245,7,20.54789924621582,-0.0104998312890529,0.4936009099086126
26007,127,Q0,en.noclean.c4-train.00275-of-07168.92757,8,23.25279998779297,-0.0130296731367707,0.5971980939308802
26008,127,Q0,en.noclean.c4-train.05723-of-07168.101653,9,20.765100479125977,-0.013854525052011,0.2551574545602004
26009,127,Q0,en.noclean.c4-train.05230-of-07168.57149,10,20.43160057067871,-0.013854525052011,0.2551574545602004
27000,128,Q0,en.noclean.c4-train.01775-of-07168.116288,1,15.65369987487793,-0.0065638893283903,0.4218435337146123
27001,128,Q0,en.noclean.c4-train.00623-of-07168.84704,2,16.020000457763672,-0.0072649819776415,0.32950592041015625
27002,128,Q0,en.noclean.c4-train.04356-of-07168.128585,3,17.21109962463379,-0.0074661509133875,0.4384276320536931
27003,128,Q0,en.noclean.c4-train.02974-of-07168.47901,4,15.707799911499025,-0.0093369726091623,0.4170440236727397
27004,128,Q0,en.noclean.c4-train.00712-of-07168.109465,5,16.749300003051758,-0.0125940963625907,0.3257649143536885
27005,128,Q0,en.noclean.c4-train.00169-of-07168.10449,6,16.00469970703125,-0.0137512944638729,0.371618427336216
27006,128,Q0,en.noclean.c4-train.05623-of-07168.100815,7,15.597999572753904,-0.0144683998078107,0.22411901503801346
27007,128,Q0,en.noclean.c4-train.04036-of-07168.108720,8,15.673299789428713,-0.014800508506596,0.442418525616328
27008,128,Q0,en.noclean.c4-train.06598-of-07168.143736,9,18.21839904785156,-0.0175863672047853,0.3548152322570483
27009,128,Q0,en.noclean.c4-train.01877-of-07168.8928,10,16.533798217773438,-0.019419077783823003,0.2871978593369325
28000,129,Q0,en.noclean.c4-train.00341-of-07168.51993,1,18.22570037841797,-0.0088737895712256,0.5876779059569041
28001,129,Q0,en.noclean.c4-train.02669-of-07168.39397,2,17.898300170898438,-0.0100139370188117,0.4646385684609413
28002,129,Q0,en.noclean.c4-train.00314-of-07168.48457,3,18.45940017700196,-0.0101159019395709,0.3991518393158913
28003,129,Q0,en.noclean.c4-train.02586-of-07168.96621,4,18.215999603271484,-0.0108255958184599,0.5443943391243616
28004,129,Q0,en.noclean.c4-train.03164-of-07168.147109,5,18.13400077819824,-0.0109312515705823,0.5486617187658945
28005,129,Q0,en.noclean.c4-train.00166-of-07168.27315,6,18.15530014038086,-0.0111666964367032,0.4074240227540334
28006,129,Q0,en.noclean.c4-train.04675-of-07168.85809,7,17.97559928894043,-0.0111855575814843,0.4736670901377996
28007,129,Q0,en.noclean.c4-train.04256-of-07168.91648,8,17.904600143432614,-0.0118179200217127,0.4249412765105565
28008,129,Q0,en.noclean.c4-train.05941-of-07168.128675,9,18.207000732421875,-0.0118199223652482,0.5016158123811086
28009,129,Q0,en.noclean.c4-train.03953-of-07168.78356,10,18.542699813842773,-0.0119996825233101,0.5842279493808746
29000,130,Q0,en.noclean.c4-train.06236-of-07168.6424,1,21.75300025939941,-0.0053408318199217,0.5191484838724136
29001,130,Q0,en.noclean.c4-train.00577-of-07168.86654,2,23.13649940490723,-0.0061062918975949,0.3491769768297672
29002,130,Q0,en.noclean.c4-train.06539-of-07168.113935,3,21.1382999420166,-0.0108162788674235,0.4822192092736562
29003,130,Q0,en.noclean.c4-train.05376-of-07168.112127,4,21.315996170043945,-0.0115476297214627,0.5140753537416458
29004,130,Q0,en.noclean.c4-train.02319-of-07168.134114,5,21.31599807739257,-0.0115476297214627,0.5140753537416458
29005,130,Q0,en.noclean.c4-train.05050-of-07168.143872,6,21.31599807739257,-0.0115476297214627,0.5140753537416458
29006,130,Q0,en.noclean.c4-train.01684-of-07168.130765,7,21.31599998474121,-0.0115476297214627,0.5140753537416458
29007,130,Q0,en.noclean.c4-train.03577-of-07168.27881,8,21.31329917907715,-0.0115476297214627,0.5140753537416458
29008,130,Q0,en.noclean.c4-train.04715-of-07168.2664,9,21.31329727172852,-0.0115476297214627,0.5140753537416458
29009,130,Q0,en.noclean.c4-train.05193-of-07168.120125,10,21.31329727172852,-0.0115476297214627,0.5140753537416458
30000,131,Q0,en.noclean.c4-train.00162-of-07168.88256,1,25.518299102783203,-0.0034806879702955,0.6172015642126402
30001,131,Q0,en.noclean.c4-train.06764-of-07168.122860,2,24.583999633789066,-0.0044089970178902,0.5706002165873846
30002,131,Q0,en.noclean.c4-train.00208-of-07168.132040,3,24.56110000610352,-0.0053473534062504,0.6525255193312963
30003,131,Q0,en.noclean.c4-train.06426-of-07168.77311,4,25.392900466918945,-0.0061888713389635,0.7468733986218771
30004,131,Q0,en.noclean.c4-train.05211-of-07168.93287,5,24.79850006103516,-0.0068847811780869,0.7474927703539529
30005,131,Q0,en.noclean.c4-train.06697-of-07168.32629,6,24.73600006103516,-0.0069794901646673,0.6486206750075022
30006,131,Q0,en.noclean.c4-train.03412-of-07168.117272,7,24.72780036926269,-0.0069794901646673,0.6486206750075022
30007,131,Q0,en.noclean.c4-train.01395-of-07168.97486,8,24.70490074157715,-0.0071325437165796,0.6475528379281362
30008,131,Q0,en.noclean.c4-train.06219-of-07168.52494,9,25.073200225830078,-0.0072562242858111,0.5905176103115082
30009,131,Q0,en.noclean.c4-train.00630-of-07168.78305,10,25.22439956665039,-0.0076864431612193,0.5863807549079261
31000,132,Q0,en.noclean.c4-train.01298-of-07168.38913,1,18.10890007019043,-0.0066717728041112,0.44133141698936623
31001,132,Q0,en.noclean.c4-train.02602-of-07168.10330,2,18.585599899291992,-0.0155423330143094,0.5507996529340744
31002,132,Q0,en.noclean.c4-train.03839-of-07168.146775,3,19.29170036315918,-0.0174862165004014,0.4516779085000356
31003,132,Q0,en.noclean.c4-train.07167-of-07168.95865,4,18.178800582885746,-0.0189210064709186,0.4893519033988317
31004,132,Q0,en.noclean.c4-train.02047-of-07168.41933,5,17.85460090637207,-0.0241896901279687,0.3777964293646316
31005,132,Q0,en.noclean.c4-train.05530-of-07168.68891,6,18.621000289916992,-0.0249798130244016,0.41414642333984375
31006,132,Q0,en.noclean.c4-train.05095-of-07168.56816,7,17.854598999023438,-0.025468137115240003,0.37716781891261536
31007,132,Q0,en.noclean.c4-train.00896-of-07168.97191,8,18.71260070800781,-0.0316137745976448,0.3659059931524098
31008,132,Q0,en.noclean.c4-train.02795-of-07168.107223,9,18.046600341796875,-0.0365407243371009,0.4051419248183568
31009,132,Q0,en.noclean.c4-train.02471-of-07168.110124,10,18.32640075683593,-0.0393442325294017,0.20958066234985984
32000,133,Q0,en.noclean.c4-train.03843-of-07168.71208,1,14.50160026550293,-0.0049710487946867,0.4744948595762253
32001,133,Q0,en.noclean.c4-train.02126-of-07168.142223,2,14.434999465942385,-0.0064582447521388,0.5513554364442825
32002,133,Q0,en.noclean.c4-train.00066-of-07168.105598,3,14.4350004196167,-0.0064582447521388,0.5513554364442825
32003,133,Q0,en.noclean.c4-train.05811-of-07168.123281,4,14.534700393676758,-0.0075037768110632,0.629609207312266
32004,133,Q0,en.noclean.c4-train.01699-of-07168.94290,5,14.66569995880127,-0.009311581030488002,0.6133738160133362
32005,133,Q0,en.noclean.c4-train.05804-of-07168.28904,6,14.939900398254395,-0.0094928545877337,0.5841316431760788
32006,133,Q0,en.noclean.c4-train.00481-of-07168.129616,7,15.123800277709961,-0.0102151436731219,0.6834931075572968
32007,133,Q0,en.noclean.c4-train.00493-of-07168.16630,8,15.123799324035645,-0.0102151436731219,0.6834931075572968
32008,133,Q0,en.noclean.c4-train.00554-of-07168.42207,9,14.502300262451172,-0.0110156731680035,0.5079261263211569
32009,133,Q0,en.noclean.c4-train.00913-of-07168.127542,10,14.686200141906738,-0.0110792219638824,0.3291138323644797
33000,134,Q0,en.noclean.c4-train.01688-of-07168.71822,1,13.533900260925293,-0.0074062775820493,0.4189398096253473
33001,134,Q0,en.noclean.c4-train.00698-of-07168.6687,2,14.038200378417967,-0.0080961380153894,0.4187874421477318
33002,134,Q0,en.noclean.c4-train.02298-of-07168.109822,3,15.185400009155273,-0.0098851677030324,0.3976797163486481
33003,134,Q0,en.noclean.c4-train.03754-of-07168.61255,4,15.185399055480955,-0.0098851677030324,0.3976797163486481
33004,134,Q0,en.noclean.c4-train.05113-of-07168.147891,5,14.64169979095459,-0.0098851677030324,0.3976797163486481
33005,134,Q0,en.noclean.c4-train.06229-of-07168.90166,6,13.791399955749512,-0.0099158566445112,0.3788644075393677
33006,134,Q0,en.noclean.c4-train.06806-of-07168.82914,7,13.74470043182373,-0.013847118243575,0.40070850650469453
33007,134,Q0,en.noclean.c4-train.03771-of-07168.125730,8,13.89840030670166,-0.0147725529968738,0.3920942445596059
33008,134,Q0,en.noclean.c4-train.04820-of-07168.142212,9,13.854499816894533,-0.0151352081447839,0.4016322096188863
33009,134,Q0,en.noclean.c4-train.01365-of-07168.63229,10,13.767999649047852,-0.01534313429147,0.4015891452630361
34000,135,Q0,en.noclean.c4-train.00894-of-07168.147353,1,21.909900665283203,-0.0073729082942008,0.4162144934137662
34001,135,Q0,en.noclean.c4-train.05019-of-07168.322,2,20.92449951171875,-0.0089503517374396,0.4432932684818904
34002,135,Q0,en.noclean.c4-train.01700-of-07168.17957,3,21.73259925842285,-0.0089764622971415,0.3509136214852333
34003,135,Q0,en.noclean.c4-train.01848-of-07168.57270,4,21.49570083618164,-0.0093721663579344,0.3870422641436259
34004,135,Q0,en.noclean.c4-train.04412-of-07168.36245,5,19.79850006103516,-0.0119757708162069,0.5165169437726339
34005,135,Q0,en.noclean.c4-train.06368-of-07168.115128,6,19.624000549316406,-0.0119757708162069,0.5165169437726339
34006,135,Q0,en.noclean.c4-train.03130-of-07168.27619,7,19.99880027770996,-0.0119757708162069,0.5165169437726339
34007,135,Q0,en.noclean.c4-train.05173-of-07168.49247,8,20.632200241088867,-0.0139020215719938,0.3386483086893956
34008,135,Q0,en.noclean.c4-train.03963-of-07168.103812,9,19.52059936523437,-0.0146003402769565,0.37097560303906607
34009,135,Q0,en.noclean.c4-train.01395-of-07168.26300,10,20.63940048217773,-0.0161413308233022,0.36091254527370137
35000,136,Q0,en.noclean.c4-train.06573-of-07168.42249,1,21.273099899291992,-0.0065280045382678,0.4992466519276301
35001,136,Q0,en.noclean.c4-train.02062-of-07168.124619,2,20.35709953308105,-0.0099576395004987,0.540559301773707
35002,136,Q0,en.noclean.c4-train.00598-of-07168.76415,3,20.502599716186523,-0.0114306071773171,0.5792647004127502
35003,136,Q0,en.noclean.c4-train.07048-of-07168.113485,4,20.351299285888672,-0.0120582208037376,0.499858429034551
35004,136,Q0,en.noclean.c4-train.02105-of-07168.131535,5,20.790700912475586,-0.0145081132650375,0.5031690498193105
35005,136,Q0,en.noclean.c4-train.06627-of-07168.119475,6,20.938899993896484,-0.0182831734418869,0.5557978500922521
35006,136,Q0,en.noclean.c4-train.04295-of-07168.4609,7,20.667800903320312,-0.0187647156417369,0.5357206265131632
35007,136,Q0,en.noclean.c4-train.06488-of-07168.25339,8,20.897199630737305,-0.0192007720470428,0.4489279600481193
35008,136,Q0,en.noclean.c4-train.04767-of-07168.124040,9,21.686500549316406,-0.0213323421776294,0.41756744123995293
35009,136,Q0,en.noclean.c4-train.05538-of-07168.68108,10,20.50469970703125,-0.0384507924318313,0.37384646882613504
36000,137,Q0,en.noclean.c4-train.00403-of-07168.81768,1,17.891300201416016,-0.0054413778707385,0.42615648110707594
36001,137,Q0,en.noclean.c4-train.02451-of-07168.113104,2,16.94339942932129,-0.0058964355848729,0.3975581303238869
36002,137,Q0,en.noclean.c4-train.02399-of-07168.134592,3,16.193300247192386,-0.0089615760371088,0.40181998287638027
36003,137,Q0,en.noclean.c4-train.04262-of-07168.78149,4,17.8799991607666,-0.0188292935490608,0.3246571371952693
36004,137,Q0,en.noclean.c4-train.01134-of-07168.52022,5,16.486000061035153,-0.020886942744255,0.34137506565699977
36005,137,Q0,en.noclean.c4-train.01582-of-07168.12553,6,17.797199249267578,-0.0239075925201177,0.23889757630725705
36006,137,Q0,en.noclean.c4-train.04053-of-07168.57756,7,19.34429931640625,-0.516868531703949,0.3559465582172076
36007,137,Q0,en.noclean.c4-train.02661-of-07168.134081,8,16.867698669433597,-0.8511507511138916,0.4403328647216161
36008,137,Q0,en.noclean.c4-train.01647-of-07168.61061,9,16.867700576782227,-0.8511507511138916,0.4403328647216161
36009,137,Q0,en.noclean.c4-train.00190-of-07168.35375,10,16.82699966430664,-0.9963195323944092,0.26051126917203266
37000,138,Q0,en.noclean.c4-train.02540-of-07168.64705,1,14.740400314331055,-0.0106268711388111,0.29196589688460034
37001,138,Q0,en.noclean.c4-train.00917-of-07168.46587,2,14.431699752807615,-0.0143983699381351,0.32960134744644165
37002,138,Q0,en.noclean.c4-train.06068-of-07168.83548,3,14.427398681640625,-0.0144974216818809,0.5169371863206228
37003,138,Q0,en.noclean.c4-train.00713-of-07168.63053,4,14.42739963531494,-0.0144974216818809,0.5169371863206228
37004,138,Q0,en.noclean.c4-train.01362-of-07168.32768,5,14.554400444030762,-0.0147322630509734,0.06640158966183662
37005,138,Q0,en.noclean.c4-train.03646-of-07168.6233,6,14.475299835205078,-0.0147322630509734,0.06640158966183662
37006,138,Q0,en.noclean.c4-train.01314-of-07168.84910,7,14.863100051879885,-0.0147328507155179,0.10085854943220814
37007,138,Q0,en.noclean.c4-train.03437-of-07168.47857,8,15.065799713134766,-0.0148423230275511,0.2553928755223751
37008,138,Q0,en.noclean.c4-train.02984-of-07168.74943,9,14.544300079345705,-0.0156192081049084,0.584209660689036
37009,138,Q0,en.noclean.c4-train.05573-of-07168.92866,10,14.67020034790039,-0.015965599566698,0.4170808146397273
38000,139,Q0,en.noclean.c4-train.00390-of-07168.109069,1,19.38890075683593,-0.0031900729518383,0.481996995707353
38001,139,Q0,en.noclean.c4-train.06086-of-07168.66271,2,19.733999252319336,-0.0039805714040994,0.4416488111019135
38002,139,Q0,en.noclean.c4-train.05924-of-07168.145853,3,18.88249969482422,-0.0040329326875507,0.3156184420610468
38003,139,Q0,en.noclean.c4-train.05914-of-07168.15040,4,19.17169952392578,-0.0046528642997145,0.28250000687936944
38004,139,Q0,en.noclean.c4-train.01491-of-07168.102732,5,18.73469924926757,-0.0059169372543692,0.4000099922219912
38005,139,Q0,en.noclean.c4-train.02733-of-07168.145909,6,18.655500411987305,-0.0085817836225032,0.3639048847059409
38006,139,Q0,en.noclean.c4-train.01485-of-07168.132479,7,19.059200286865234,-0.0089367646723985,0.4801482657591502
38007,139,Q0,en.noclean.c4-train.05815-of-07168.119964,8,19.53069877624512,-0.0110649559646844,0.4266242533922195
38008,139,Q0,en.noclean.c4-train.00677-of-07168.76699,9,19.5280990600586,-0.0110649559646844,0.4266242533922195
38009,139,Q0,en.noclean.c4-train.04441-of-07168.47516,10,19.53070068359375,-0.0110649559646844,0.4266242533922195
39000,140,Q0,en.noclean.c4-train.02550-of-07168.112086,1,19.90379905700684,-0.0070785693824291,0.598238617181778
39001,140,Q0,en.noclean.c4-train.03373-of-07168.74764,2,19.331899642944336,-0.01006197091192,0.5170396318038305
39002,140,Q0,en.noclean.c4-train.00110-of-07168.26911,3,19.24720001220703,-0.0104295220226049,0.4649564971526464
39003,140,Q0,en.noclean.c4-train.02553-of-07168.142011,4,19.20229721069336,-0.0106874946504831,0.6294702688852946
39004,140,Q0,en.noclean.c4-train.01953-of-07168.58288,5,19.202299118041992,-0.0106874946504831,0.6294702688852946
39005,140,Q0,en.noclean.c4-train.03795-of-07168.3556,6,19.228900909423828,-0.0106874946504831,0.6294702688852946
39006,140,Q0,en.noclean.c4-train.02293-of-07168.74437,7,19.25379943847656,-0.0106874946504831,0.6294702688852946
39007,140,Q0,en.noclean.c4-train.01480-of-07168.120021,8,19.647300720214844,-0.0106874946504831,0.6294702688852946
39008,140,Q0,en.noclean.c4-train.02193-of-07168.67431,9,19.25510025024414,-0.0106874946504831,0.6294702688852946
39009,140,Q0,en.noclean.c4-train.03516-of-07168.26095,10,19.22769927978516,-0.0108787780627608,0.4776959170897802
40000,141,Q0,en.noclean.c4-train.02067-of-07168.17147,1,22.523700714111328,-0.0035334315616637,0.40507586176196736
40001,141,Q0,en.noclean.c4-train.00457-of-07168.20196,2,21.901199340820312,-0.0041885748505592,0.2571236516038577
40002,141,Q0,en.noclean.c4-train.05271-of-07168.43074,3,24.15329933166504,-0.0093393344432115,0.36806517985782455
40003,141,Q0,en.noclean.c4-train.03189-of-07168.26449,4,22.99370002746582,-0.010399910621344998,0.2913583976527055
40004,141,Q0,en.noclean.c4-train.03416-of-07168.65405,5,22.653499603271484,-0.0106065832078456,0.4140048424402873
40005,141,Q0,en.noclean.c4-train.04782-of-07168.38457,6,22.58970069885254,-0.0110269924625754,0.3681325763463974
40006,141,Q0,en.noclean.c4-train.03289-of-07168.57276,7,23.15699958801269,-0.012134775519371,0.438894584774971
40007,141,Q0,en.noclean.c4-train.05661-of-07168.107770,8,23.74340057373047,-0.0135306874290108,0.19305841376384103
40008,141,Q0,en.noclean.c4-train.04689-of-07168.139923,9,22.092100143432614,-0.014677757397293998,0.4581270714600881
40009,141,Q0,en.noclean.c4-train.06095-of-07168.78775,10,23.50909996032715,-0.0149403912946581,0.3833062003056209
41000,142,Q0,en.noclean.c4-train.06272-of-07168.124990,1,24.698200225830078,-0.0051394724287092,0.6173570677638054
41001,142,Q0,en.noclean.c4-train.05068-of-07168.62115,2,24.63050079345703,-0.0053421361371874,0.5652700240413348
41002,142,Q0,en.noclean.c4-train.07155-of-07168.106801,3,24.947999954223643,-0.0056892610155045,0.599389374256134
41003,142,Q0,en.noclean.c4-train.03993-of-07168.38350,4,24.12420082092285,-0.0058989240787923,0.6421086589495341
41004,142,Q0,en.noclean.c4-train.01998-of-07168.121894,5,24.65629959106445,-0.0059623238630592,0.271562493716677
41005,142,Q0,en.noclean.c4-train.06382-of-07168.65692,6,24.59919738769531,-0.005971448495984,0.27065019713093835
41006,142,Q0,en.noclean.c4-train.03514-of-07168.68199,7,24.599199295043945,-0.005971448495984,0.27065019713093835
41007,142,Q0,en.noclean.c4-train.02170-of-07168.46920,8,24.478500366210927,-0.0063170520588755,0.5518726418570926
41008,142,Q0,en.noclean.c4-train.00135-of-07168.81394,9,24.03369903564453,-0.0066248783841729,0.6253577669461569
41009,142,Q0,en.noclean.c4-train.01585-of-07168.91586,10,24.878400802612305,-0.0067218616604804,0.5137256036202112
42000,143,Q0,en.noclean.c4-train.00493-of-07168.75777,1,19.68090057373047,-0.0314461700618267,0.3817247760792573
42001,143,Q0,en.noclean.c4-train.03966-of-07168.146675,2,17.163200378417972,-0.0333174429833889,0.4590838650862376
42002,143,Q0,en.noclean.c4-train.02331-of-07168.147186,3,17.09950065612793,-0.0375419706106185,0.5634128153324127
42003,143,Q0,en.noclean.c4-train.06295-of-07168.15881,4,17.11440086364746,-0.0492776222527027,0.5507601102193197
42004,143,Q0,en.noclean.c4-train.03430-of-07168.29524,5,17.51140022277832,-0.0496456734836101,0.5264966338872911
42005,143,Q0,en.noclean.c4-train.01542-of-07168.122155,6,17.204099655151367,-0.0532128661870956,0.3996389259894689
42006,143,Q0,en.noclean.c4-train.05682-of-07168.56232,7,17.03580093383789,-0.0549758486449718,0.4461922546227773
42007,143,Q0,en.noclean.c4-train.01934-of-07168.94424,8,18.3356990814209,-0.06348513811826699,0.5147535651922226
42008,143,Q0,en.noclean.c4-train.03032-of-07168.78304,9,18.29590034484864,-0.0669372752308845,0.5159353564182917
42009,143,Q0,en.noclean.c4-train.01597-of-07168.143740,10,17.089799880981445,-0.0671786218881607,0.3179201278835535
43000,144,Q0,en.noclean.c4-train.04207-of-07168.35502,1,12.958900451660154,-0.0037308391183614,0.5863322485238314
43001,144,Q0,en.noclean.c4-train.06052-of-07168.77622,2,12.250699996948242,-0.0040465863421559,0.7059447268644968
43002,144,Q0,en.noclean.c4-train.04483-of-07168.70513,3,12.15659999847412,-0.0041683935560286,0.6637750566005707
43003,144,Q0,en.noclean.c4-train.01767-of-07168.16512,4,12.339699745178224,-0.0041872691363096,0.5844309267898401
43004,144,Q0,en.noclean.c4-train.00758-of-07168.19136,5,12.152999877929688,-0.0043663880787789,0.6420618295669556
43005,144,Q0,en.noclean.c4-train.06476-of-07168.48250,6,12.96840000152588,-0.0044262059964239,0.7030411760012308
43006,144,Q0,en.noclean.c4-train.00937-of-07168.5361,7,12.17959976196289,-0.0045517645776271,0.4319877649346988
43007,144,Q0,en.noclean.c4-train.02363-of-07168.13068,8,12.149999618530273,-0.0046612890437245,0.5127816175421079
43008,144,Q0,en.noclean.c4-train.03817-of-07168.131987,9,12.28159999847412,-0.0047556152567267,0.6240286827087402
43009,144,Q0,en.noclean.c4-train.01313-of-07168.55202,10,12.107999801635742,-0.0048416280187666,0.20606528967618945
44000,145,Q0,en.noclean.c4-train.00661-of-07168.130574,1,21.529699325561523,-0.0037975830491632,0.31754916658004123
44001,145,Q0,en.noclean.c4-train.01148-of-07168.120530,2,18.45059967041016,-0.0039163334295153,0.31869889174898464
44002,145,Q0,en.noclean.c4-train.04039-of-07168.112751,3,18.738500595092773,-0.0041505866684019,0.3735874717434247
44003,145,Q0,en.noclean.c4-train.05744-of-07168.29615,4,20.033899307250977,-0.0047164619900286,0.2956031958262126
44004,145,Q0,en.noclean.c4-train.07025-of-07168.109197,5,20.16909980773925,-0.0047164619900286,0.2956031958262126
44005,145,Q0,en.noclean.c4-train.03087-of-07168.71255,6,19.383100509643555,-0.0047164619900286,0.2956031958262126
44006,145,Q0,en.noclean.c4-train.01295-of-07168.96695,7,20.56450080871582,-0.0047164619900286,0.2956031958262126
44007,145,Q0,en.noclean.c4-train.01106-of-07168.2347,8,18.35330009460449,-0.0047680726274847,0.323262095451355
44008,145,Q0,en.noclean.c4-train.01221-of-07168.56829,9,18.822799682617188,-0.0049638133496046,0.2875394014020761
44009,145,Q0,en.noclean.c4-train.04852-of-07168.44893,10,19.84709930419922,-0.0051538227126002,0.3264312967658043
45000,146,Q0,en.noclean.c4-train.03766-of-07168.42872,1,19.45890045166016,-0.004466438665986,0.5020274939015508
45001,146,Q0,en.noclean.c4-train.04657-of-07168.88647,2,18.300500869750977,-0.004837476182729,0.6396407634019852
45002,146,Q0,en.noclean.c4-train.06921-of-07168.57766,3,18.60740089416504,-0.0048738960176706,0.5272947028279305
45003,146,Q0,en.noclean.c4-train.05629-of-07168.77481,4,18.25919914245605,-0.0051567875780165,0.6112485677003859
45004,146,Q0,en.noclean.c4-train.03301-of-07168.33702,5,18.12929916381836,-0.0055618300102651,0.19047478772699836
45005,146,Q0,en.noclean.c4-train.02537-of-07168.75701,6,18.82749938964844,-0.0058237873017787,0.3505436728398005
45006,146,Q0,en.noclean.c4-train.06296-of-07168.14764,7,18.29829978942871,-0.0065227933228015,0.33605653947840136
45007,146,Q0,en.noclean.c4-train.05760-of-07168.49276,8,18.7903995513916,-0.0065972856245934,0.6378185922900835
45008,146,Q0,en.noclean.c4-train.05317-of-07168.136658,9,18.877500534057614,-0.0070357187651097,0.6340125600496928
45009,146,Q0,en.noclean.c4-train.01153-of-07168.69383,10,18.227500915527344,-0.0070650749839842,0.5011407385269799
46000,147,Q0,en.noclean.c4-train.04680-of-07168.96954,1,21.11029815673828,-0.0037842821329832,0.5165959894657135
46001,147,Q0,en.noclean.c4-train.01104-of-07168.65191,2,21.11030006408692,-0.0037842821329832,0.5165959894657135
46002,147,Q0,en.noclean.c4-train.06744-of-07168.34815,3,21.69389915466309,-0.0045455936342477,0.5990648915370306
46003,147,Q0,en.noclean.c4-train.04701-of-07168.130367,4,21.22209930419922,-0.0050431662239134,0.5093073149522146
46004,147,Q0,en.noclean.c4-train.05844-of-07168.50457,5,21.61639976501465,-0.0053058518096804,0.5157680660486221
46005,147,Q0,en.noclean.c4-train.06389-of-07168.61490,6,21.05279922485352,-0.005623236298561,0.4076368336876233
46006,147,Q0,en.noclean.c4-train.03453-of-07168.88163,7,21.32469940185547,-0.0063589853234589,0.546424075961113
46007,147,Q0,en.noclean.c4-train.00890-of-07168.67761,8,20.89780044555664,-0.0064141834154725,0.5598837037881216
46008,147,Q0,en.noclean.c4-train.06057-of-07168.28323,9,20.897798538208008,-0.0064141834154725,0.5598837037881216
46009,147,Q0,en.noclean.c4-train.03696-of-07168.144252,10,20.95210075378418,-0.0067640147171914,0.4111631500224273
47000,148,Q0,en.noclean.c4-train.01294-of-07168.12331,1,18.239198684692386,-0.0077329324558377,0.3293760071198146
47001,148,Q0,en.noclean.c4-train.01008-of-07168.95395,2,18.239200592041016,-0.0077329324558377,0.3293760071198146
47002,148,Q0,en.noclean.c4-train.00773-of-07168.54591,3,18.476900100708008,-0.0083646439015865,0.3747812037666639
47003,148,Q0,en.noclean.c4-train.04747-of-07168.9650,4,18.49209976196289,-0.0085232770070433,0.37651259700457257
47004,148,Q0,en.noclean.c4-train.04116-of-07168.126192,5,17.9862003326416,-0.0111025646328926,0.35151442637046176
47005,148,Q0,en.noclean.c4-train.02267-of-07168.138505,6,18.57159996032715,-0.0124840242788195,0.3735109468301137
47006,148,Q0,en.noclean.c4-train.01573-of-07168.132137,7,18.27560043334961,-0.0125152226537466,0.30037759244441986
47007,148,Q0,en.noclean.c4-train.00333-of-07168.79661,8,18.76320075988769,-0.0128891700878739,0.2794232641657193
47008,148,Q0,en.noclean.c4-train.06723-of-07168.25254,9,17.302200317382812,-0.0131056820973753,0.3885938599705696
47009,148,Q0,en.noclean.c4-train.02391-of-07168.118340,10,18.403600692749023,-0.0133081497624516,0.4893286724885305
48000,149,Q0,en.noclean.c4-train.02884-of-07168.25864,1,18.529199600219727,-0.0175791066139936,0.4687047799428304
48001,149,Q0,en.noclean.c4-train.04032-of-07168.113253,2,18.93600082397461,-0.0251272302120924,0.34769299377997714
48002,149,Q0,en.noclean.c4-train.06361-of-07168.65937,3,18.935998916625977,-0.0251272302120924,0.34769299377997714
48003,149,Q0,en.noclean.c4-train.04933-of-07168.66985,4,18.593299865722656,-0.0270911082625389,0.30404176004230976
48004,149,Q0,en.noclean.c4-train.05383-of-07168.144512,5,18.408000946044922,-0.0304492060095071,0.4834155837694804
48005,149,Q0,en.noclean.c4-train.03243-of-07168.106794,6,18.6648006439209,-0.0330386012792587,0.42363991836706805
48006,149,Q0,en.noclean.c4-train.00336-of-07168.55529,7,18.25909996032715,-0.041648793965578,0.3856123213966687
48007,149,Q0,en.noclean.c4-train.06110-of-07168.122083,8,18.61079978942871,-0.0448777452111244,0.5175299296776453
48008,149,Q0,en.noclean.c4-train.02097-of-07168.135912,9,18.628700256347656,-0.0489136353135108,0.497075479477644
48009,149,Q0,en.noclean.c4-train.01618-of-07168.82250,10,19.074800491333008,-0.053434383124113,0.27191244810819626
49000,150,Q0,en.noclean.c4-train.05523-of-07168.39979,1,17.72610092163086,-0.0087601169943809,0.4457073708375295
49001,150,Q0,en.noclean.c4-train.05122-of-07168.105679,2,17.188400268554688,-0.0133873140439391,0.2629380499323209
49002,150,Q0,en.noclean.c4-train.04129-of-07168.75205,3,17.212600708007812,-0.0206615980714559,0.4072109907865524
49003,150,Q0,en.noclean.c4-train.01352-of-07168.8709,4,17.21809959411621,-0.0206615980714559,0.4072109907865524
49004,150,Q0,en.noclean.c4-train.06873-of-07168.20736,5,17.408000946044922,-0.024957837536931,0.378587082028389
49005,150,Q0,en.noclean.c4-train.02186-of-07168.125747,6,17.582199096679688,-0.0275836214423179,0.3565092533826828
49006,150,Q0,en.noclean.c4-train.04754-of-07168.106556,7,18.051198959350586,-0.0336957946419715,0.3773640443881353
49007,150,Q0,en.noclean.c4-train.04642-of-07168.89979,8,18.05120086669922,-0.0336957946419715,0.3773640443881353
49008,150,Q0,en.noclean.c4-train.07087-of-07168.145824,9,17.40369987487793,-0.0474779568612575,0.4148192952076594
49009,150,Q0,en.noclean.c4-train.04934-of-07168.117389,10,17.23390007019043,-0.049603022634983,0.3064009708662828
